0.130938,0.153610,0.457095,0.232782,0.304571,0.308882,0.574718,0.289020,0.130954,0.163842,0.160812,0.080878,0.169638,0.087709,0.151824,0.229450,0.274750,0.367149,0.197162,0.220741,0.092883,0.102354,0.266186,0.640884,1.471174,8.356790,0.853532,0.174387,0.454038,0.323855,0.224066,0.159937,0.097365,0.066912,0.192577,0.120207,0.083947,1.002107,0.205339,0.493613,0.742188,0.231389,0.149499,0.397687,0.359086
0.261693, 0.272234, 0.257526, 0.178167, 0.179738, 0.259716, 0.375179, 0.283494, 0.118832, 0.256710, 0.142914, 0.174113, 0.128434, 0.083251, 0.165113, 0.084691, 0.382610, 0.242095, 0.179650, 0.339931, 0.149933, 0.056969, 0.181604, 0.415137, 1.822631,14.072323, 0.822510, 0.106982, 0.347340, 0.321718, 0.135001, 0.152457, 0.119823, 0.076042, 0.076268, 0.173872, 0.123339, 1.594632, 0.205741, 0.490192, 0.336150, 0.385630, 0.108823, 0.393779, 0.376008
0.296639, 0.179183, 0.401601, 0.315454, 0.241544, 0.250988, 0.506667, 0.272426, 0.151965, 0.129873, 0.115351, 0.197310, 0.153062, 0.124830, 0.120824, 0.197000, 0.426008, 0.536273, 0.143960, 0.223342, 0.131369, 0.062856, 0.186656, 0.786273, 0.850232,11.147545, 0.476169, 0.099906, 0.426279, 0.185262, 0.201735, 0.101501, 0.174291, 0.062260, 0.146627, 0.091151, 0.156815, 0.661281, 0.334150, 0.421555, 0.762756, 0.237293, 0.089198, 0.689600, 0.196836
0.223156, 0.216724, 0.515715, 0.256256, 0.217031, 0.215227, 0.406376, 0.438229, 0.095847, 0.131912, 0.115905, 0.165175, 0.157690, 0.179010, 0.094786, 0.220372, 0.439187, 0.320813, 0.100711, 0.268112, 0.219606, 0.123787, 0.193025, 0.768866, 1.300350,14.439167, 0.364100, 0.123096, 0.362520, 0.325749, 0.341657, 0.167242, 0.188380, 0.135303, 0.085168, 0.065686, 0.187123, 0.693778, 0.241156, 0.589966, 0.595955, 0.293489, 0.209153, 0.496839, 0.342382
0.275696,0.211128,0.597722,0.353267,0.322476,0.276112,0.266708,0.263555,0.184971,0.138550,0.148796,0.161531,0.111366,0.222272,0.079049,0.172891,0.196372,0.404604,0.162040,0.168512,0.224841,0.111408,0.242064,0.433174,0.683058,5.735467,0.852555,0.137991,0.323091,0.268716,0.303502,0.160861,0.077002,0.118057,0.073920,0.170135,0.178252,1.597460,0.258399,0.559902,0.514498,0.386508,0.134928,0.401670,0.480079
0.300957,0.223918,0.221143,0.325744,0.316336,0.151569,0.742615,0.450401,0.100069,0.186869,0.065899,0.202661,0.123368,0.152200,0.103578,0.188086,0.396025,0.235959,0.172324,0.243679,0.145784,0.094035,0.121837,0.386893,1.057658,7.344975,0.465749,0.160791,0.257168,0.269493,0.139475,0.179537,0.108780,0.133860,0.190185,0.128737,0.068862,0.957681,0.132696,0.600559,0.517531,0.190325,0.209335,0.744380,0.274926
0.200737, 0.240913, 0.389652, 0.340180, 0.191471, 0.325821, 0.298878, 0.165769, 0.146266, 0.281818, 0.117752, 0.202234, 0.153215, 0.123168, 0.138998, 0.107576, 0.565877, 0.289615, 0.112663, 0.303764, 0.104781, 0.110632, 0.262035, 0.317356, 1.818576,11.800710, 0.571977, 0.101584, 0.330052, 0.270684, 0.160420, 0.135641, 0.117348, 0.073956, 0.085573, 0.089235, 0.102651, 1.470468, 0.187208, 0.499423, 0.644474, 0.252850, 0.259302, 0.778197, 0.390451
0.172642, 0.134565, 0.289582, 0.137522, 0.285947, 0.174464, 0.365565, 0.184065, 0.173386, 0.148234, 0.079347, 0.171061, 0.221683, 0.109948, 0.100945, 0.180272, 0.376454, 0.546497, 0.240997, 0.298102, 0.092904, 0.069487, 0.141129, 0.326994, 0.957110,15.007761, 0.683135, 0.092811, 0.407113, 0.372712, 0.232913, 0.181049, 0.179121, 0.119614, 0.110571, 0.141311, 0.100158, 0.963931, 0.295228, 0.344066, 0.395625, 0.414657, 0.088457, 0.841261, 0.340609
0.181098,0.177590,0.323723,0.239938,0.179256,0.207696,0.692627,0.323793,0.150571,0.243788,0.076099,0.127117,0.200136,0.133679,0.124601,0.085579,0.384671,0.390251,0.248927,0.350629,0.144222,0.067577,0.104939,0.460132,1.228139,5.884113,0.492108,0.150814,0.468808,0.337316,0.194720,0.065451,0.091809,0.134744,0.135468,0.097196,0.111727,1.258991,0.302796,0.567644,0.362431,0.218504,0.124142,0.485322,0.490726
0.249563,0.195991,0.387707,0.129690,0.206100,0.197120,0.451681,0.217240,0.166127,0.169229,0.126117,0.161815,0.187534,0.161487,0.143139,0.238335,0.553521,0.192729,0.093035,0.354328,0.137288,0.092374,0.223088,0.493464,1.263044,8.758152,0.974099,0.142321,0.203060,0.307526,0.136238,0.095346,0.075444,0.105824,0.149249,0.179686,0.096938,0.930619,0.252953,0.560532,0.451480,0.207474,0.178137,0.498859,0.334973
0.108981,0.278884,0.248498,0.251099,0.285803,0.213624,0.582577,0.186786,0.072644,0.119295,0.147281,0.182312,0.149482,0.184414,0.151306,0.093117,0.440144,0.496207,0.104650,0.144627,0.172512,0.097495,0.118409,0.787790,0.752361,5.072923,0.822595,0.178481,0.310340,0.346962,0.305911,0.084113,0.077208,0.112436,0.185864,0.142961,0.068575,1.716349,0.243512,0.613269,0.467630,0.185006,0.096752,0.883671,0.203535
0.203069,0.130179,0.237608,0.142886,0.168116,0.282310,0.405276,0.237931,0.095093,0.169632,0.157135,0.120677,0.098014,0.119520,0.151449,0.161405,0.383125,0.267928,0.246532,0.162113,0.123555,0.042940,0.194126,0.478326,1.829957,7.674534,0.513270,0.078524,0.209579,0.360917,0.303637,0.170225,0.171306,0.085419,0.154047,0.099548,0.164065,1.526670,0.293764,0.517665,0.368785,0.429250,0.159889,0.402873,0.202422
0.216188,0.123782,0.249544,0.215808,0.333171,0.220164,0.732874,0.314659,0.102994,0.156646,0.071934,0.147517,0.126824,0.090259,0.089812,0.121251,0.418369,0.366906,0.247435,0.226997,0.174663,0.049087,0.108883,0.342667,0.794701,9.818837,0.662613,0.168903,0.357296,0.181605,0.321942,0.175981,0.143977,0.104802,0.187198,0.138399,0.174135,0.778443,0.321039,0.308926,0.361844,0.234450,0.146588,0.377100,0.244313
0.166928,0.246643,0.565840,0.208837,0.197938,0.170471,0.701326,0.231419,0.067439,0.303525,0.160984,0.179907,0.125180,0.097885,0.085133,0.185064,0.546420,0.357701,0.135410,0.124666,0.094837,0.116565,0.133976,0.649582,1.406568,7.122941,0.642770,0.170812,0.417533,0.323612,0.234171,0.093990,0.138334,0.125545,0.110856,0.082279,0.132300,0.751938,0.319315,0.559752,0.821923,0.309882,0.134186,0.468204,0.286514
0.174905, 0.289930, 0.262523, 0.326724, 0.172409, 0.365563, 0.505948, 0.482288, 0.079132, 0.229211, 0.058709, 0.110473, 0.180116, 0.100845, 0.124453, 0.166570, 0.486376, 0.240396, 0.146188, 0.157195, 0.155356, 0.082628, 0.277955, 0.558431, 1.615685,12.619486, 0.392121, 0.079791, 0.259163, 0.263772, 0.144129, 0.137290, 0.145911, 0.101491, 0.099450, 0.172872, 0.113138, 1.348507, 0.187222, 0.610438, 0.337719, 0.253871, 0.173342, 0.404887, 0.517396
0.183576, 0.285408, 0.457159, 0.235559, 0.167465, 0.175436, 0.567035, 0.214033, 0.121497, 0.236370, 0.130947, 0.131912, 0.141711, 0.085522, 0.114376, 0.175074, 0.495104, 0.415716, 0.174417, 0.253844, 0.149898, 0.065710, 0.275599, 0.526111, 1.402559,11.031950, 0.462628, 0.098835, 0.271864, 0.140099, 0.283042, 0.160356, 0.185930, 0.070663, 0.155569, 0.079137, 0.105444, 1.048252, 0.119477, 0.521762, 0.573714, 0.255092, 0.087951, 0.761299, 0.300084
0.299448, 0.255400, 0.376541, 0.263031, 0.327845, 0.371350, 0.540508, 0.460121, 0.169938, 0.307084, 0.100245, 0.095285, 0.253598, 0.222246, 0.151946, 0.090879, 0.265742, 0.499049, 0.142572, 0.338168, 0.099343, 0.123862, 0.151581, 0.299591, 1.341495,14.139624, 0.966672, 0.188083, 0.298801, 0.268243, 0.269398, 0.081730, 0.171378, 0.106983, 0.168910, 0.085034, 0.192336, 1.561600, 0.300857, 0.422249, 0.325942, 0.335392, 0.258239, 0.600251, 0.232499
0.280205, 0.128752, 0.201719, 0.334562, 0.328448, 0.316107, 0.635573, 0.340737, 0.148489, 0.125863, 0.129630, 0.184463, 0.235447, 0.090530, 0.158859, 0.142915, 0.311982, 0.546358, 0.102305, 0.305420, 0.137640, 0.050156, 0.306762, 0.636617, 1.629801,14.712822, 0.822918, 0.069773, 0.326614, 0.172631, 0.258415, 0.109072, 0.142507, 0.158870, 0.162348, 0.108967, 0.153591, 0.634619, 0.296590, 0.571249, 0.307031, 0.302481, 0.247348, 0.479358, 0.501698
0.131722,0.141585,0.537087,0.314473,0.267366,0.348793,0.327842,0.214666,0.094547,0.214350,0.150226,0.151385,0.150966,0.178826,0.064586,0.130514,0.413397,0.252498,0.123113,0.338955,0.216582,0.058407,0.166239,0.459302,0.830331,6.839244,0.932202,0.155289,0.340983,0.283114,0.176764,0.100848,0.170267,0.065934,0.108508,0.179540,0.081479,1.442738,0.128766,0.675152,0.661290,0.182156,0.155927,0.685851,0.399625
0.155529, 0.240568, 0.351285, 0.312154, 0.276909, 0.373658, 0.311265, 0.265904, 0.067454, 0.207244, 0.160137, 0.072925, 0.182787, 0.138185, 0.148947, 0.202062, 0.205034, 0.474312, 0.118272, 0.266990, 0.172820, 0.114786, 0.281860, 0.353221, 1.515301,13.716820, 1.054379, 0.116608, 0.194664, 0.176478, 0.199632, 0.176835, 0.118115, 0.103439, 0.126468, 0.072767, 0.126425, 1.459792, 0.147676, 0.374667, 0.851149, 0.270603, 0.201554, 0.815096, 0.393207
0.136978,0.100781,0.280527,0.257319,0.180594,0.181608,0.520395,0.359955,0.176214,0.231645,0.098765,0.135141,0.092735,0.141256,0.074111,0.160692,0.498024,0.392742,0.093741,0.189951,0.086877,0.072552,0.132775,0.464998,0.861173,7.959404,0.909106,0.170309,0.490096,0.347647,0.163881,0.088196,0.181450,0.137615,0.076521,0.123099,0.084610,1.579490,0.314717,0.540522,0.302080,0.440271,0.198481,0.378109,0.276069
0.255984,0.134999,0.211044,0.154912,0.189178,0.307816,0.310122,0.324276,0.085154,0.234017,0.113841,0.153603,0.238469,0.154194,0.067454,0.195379,0.498820,0.328575,0.086591,0.125762,0.119379,0.122918,0.186787,0.351490,0.987272,6.696277,0.635906,0.153706,0.403996,0.160320,0.173556,0.183322,0.151417,0.109392,0.083526,0.119305,0.142243,1.440100,0.155956,0.616852,0.417778,0.424532,0.251752,0.641829,0.293762
0.140325, 0.112344, 0.266811, 0.277796, 0.280395, 0.255166, 0.399579, 0.363965, 0.180553, 0.145003, 0.140356, 0.144502, 0.184451, 0.159408, 0.091918, 0.151092, 0.531319, 0.512483, 0.246323, 0.259117, 0.107873, 0.100241, 0.177757, 0.367841, 1.120346,13.086559, 0.546529, 0.153806, 0.222051, 0.235338, 0.138167, 0.099454, 0.153412, 0.104197, 0.121745, 0.063364, 0.086946, 0.669676, 0.262517, 0.435912, 0.654879, 0.307369, 0.109398, 0.595541, 0.527231
0.177934,0.259743,0.220597,0.166698,0.268102,0.206461,0.480718,0.335490,0.171344,0.153267,0.122756,0.169496,0.131409,0.149200,0.155538,0.248628,0.486720,0.248613,0.195136,0.201301,0.172820,0.106376,0.282514,0.303674,1.358090,9.204815,0.664949,0.115260,0.243582,0.254410,0.342753,0.118940,0.185686,0.064105,0.136503,0.171187,0.103358,0.646417,0.248622,0.322058,0.456126,0.222060,0.195856,0.344634,0.335055
0.144210, 0.172223, 0.214555, 0.354223, 0.213767, 0.333947, 0.316012, 0.409061, 0.198442, 0.122969, 0.095501, 0.141358, 0.092123, 0.218289, 0.106788, 0.245904, 0.277349, 0.325340, 0.132092, 0.125022, 0.089649, 0.074825, 0.219760, 0.398056, 1.337930,14.017509, 0.837287, 0.132537, 0.375372, 0.317945, 0.192222, 0.130152, 0.158689, 0.076830, 0.183647, 0.153877, 0.182111, 1.273305, 0.255804, 0.399907, 0.794207, 0.230670, 0.104720, 0.528582, 0.361957
0.137592, 0.201945, 0.318860, 0.359238, 0.189637, 0.241510, 0.700349, 0.272712, 0.155173, 0.213364, 0.061887, 0.111684, 0.181703, 0.176217, 0.167928, 0.188250, 0.480869, 0.284514, 0.121017, 0.179924, 0.160192, 0.095308, 0.124382, 0.490095, 1.804382,11.573511, 0.933268, 0.076571, 0.321634, 0.143038, 0.216738, 0.129898, 0.170715, 0.105220, 0.172469, 0.094416, 0.071191, 1.623641, 0.274691, 0.551882, 0.722386, 0.160290, 0.194008, 0.651587, 0.378089
0.218197, 0.137728, 0.533517, 0.200674, 0.210014, 0.176974, 0.397967, 0.186065, 0.168365, 0.185023, 0.122503, 0.089916, 0.159434, 0.097669, 0.096059, 0.162829, 0.403416, 0.401275, 0.225329, 0.320866, 0.158128, 0.085460, 0.250082, 0.560504, 1.725169,14.576414, 0.799245, 0.161919, 0.304158, 0.128438, 0.239074, 0.088752, 0.085944, 0.171419, 0.161451, 0.092777, 0.078359, 1.721520, 0.264479, 0.452068, 0.325243, 0.304772, 0.182360, 0.520951, 0.304439
0.252404,0.252518,0.442527,0.195198,0.262345,0.232946,0.544913,0.371863,0.160200,0.240011,0.077357,0.202415,0.178843,0.145014,0.110114,0.107734,0.233127,0.443930,0.234720,0.157032,0.148250,0.044084,0.122654,0.638229,1.769326,9.695522,1.061174,0.131849,0.421024,0.294958,0.202907,0.070503,0.144273,0.111255,0.084344,0.071248,0.163964,0.778290,0.162556,0.500380,0.651426,0.217306,0.163947,0.774913,0.182950
0.213659, 0.203368, 0.204934, 0.233512, 0.186304, 0.219291, 0.487490, 0.287411, 0.151929, 0.250640, 0.080687, 0.166065, 0.127059, 0.141438, 0.129546, 0.115278, 0.482174, 0.211832, 0.091861, 0.364942, 0.187634, 0.123396, 0.287777, 0.790848, 0.736700,14.088860, 0.749254, 0.174167, 0.410241, 0.350496, 0.304573, 0.089745, 0.081970, 0.148964, 0.190404, 0.174899, 0.089809, 0.748210, 0.220087, 0.657269, 0.395606, 0.352937, 0.164519, 0.833791, 0.392035
0.186636, 0.186742, 0.578016, 0.346401, 0.246352, 0.356950, 0.428564, 0.412803, 0.114799, 0.168590, 0.142785, 0.142623, 0.157868, 0.171795, 0.077888, 0.204226, 0.288604, 0.276853, 0.177029, 0.318974, 0.145087, 0.096027, 0.141026, 0.625972, 0.977315,14.980584, 0.691241, 0.112402, 0.355877, 0.349338, 0.304328, 0.146865, 0.187932, 0.084974, 0.184106, 0.173637, 0.179824, 0.898739, 0.184711, 0.473783, 0.817342, 0.312276, 0.204304, 0.392499, 0.390658
