population_size	beta	f	daily_cost_of_resistance	mutation_probability	fraction_non_art_replacement
500000	0.065000	0.500000	0.000100	0.000500	0.333333
500000	0.065000	0.500000	0.000100	0.000500	0.666667
500000	0.065000	0.500000	0.000100	0.000500	1.000000
500000	0.065000	0.500000	0.000100	0.001000	0.333333
500000	0.065000	0.500000	0.000100	0.001000	0.666667
500000	0.065000	0.500000	0.000100	0.001000	1.000000
500000	0.065000	0.500000	0.000100	0.002000	0.333333
500000	0.065000	0.500000	0.000100	0.002000	0.666667
500000	0.065000	0.500000	0.000100	0.002000	1.000000
500000	0.065000	0.500000	0.000500	0.000500	0.333333
500000	0.065000	0.500000	0.000500	0.000500	0.666667
500000	0.065000	0.500000	0.000500	0.000500	1.000000
500000	0.065000	0.500000	0.000500	0.001000	0.333333
500000	0.065000	0.500000	0.000500	0.001000	0.666667
500000	0.065000	0.500000	0.000500	0.001000	1.000000
500000	0.065000	0.500000	0.000500	0.002000	0.333333
500000	0.065000	0.500000	0.000500	0.002000	0.666667
500000	0.065000	0.500000	0.000500	0.002000	1.000000
500000	0.065000	0.500000	0.001000	0.000500	0.333333
500000	0.065000	0.500000	0.001000	0.000500	0.666667
500000	0.065000	0.500000	0.001000	0.000500	1.000000
500000	0.065000	0.500000	0.001000	0.001000	0.333333
500000	0.065000	0.500000	0.001000	0.001000	0.666667
500000	0.065000	0.500000	0.001000	0.001000	1.000000
500000	0.065000	0.500000	0.001000	0.002000	0.333333
500000	0.065000	0.500000	0.001000	0.002000	0.666667
500000	0.065000	0.500000	0.001000	0.002000	1.000000
500000	0.065000	0.600000	0.000100	0.000500	0.333333
500000	0.065000	0.600000	0.000100	0.000500	0.666667
500000	0.065000	0.600000	0.000100	0.000500	1.000000
500000	0.065000	0.600000	0.000100	0.001000	0.333333
500000	0.065000	0.600000	0.000100	0.001000	0.666667
500000	0.065000	0.600000	0.000100	0.001000	1.000000
500000	0.065000	0.600000	0.000100	0.002000	0.333333
500000	0.065000	0.600000	0.000100	0.002000	0.666667
500000	0.065000	0.600000	0.000100	0.002000	1.000000
500000	0.065000	0.600000	0.000500	0.000500	0.333333
500000	0.065000	0.600000	0.000500	0.000500	0.666667
500000	0.065000	0.600000	0.000500	0.000500	1.000000
500000	0.065000	0.600000	0.000500	0.001000	0.333333
500000	0.065000	0.600000	0.000500	0.001000	0.666667
500000	0.065000	0.600000	0.000500	0.001000	1.000000
500000	0.065000	0.600000	0.000500	0.002000	0.333333
500000	0.065000	0.600000	0.000500	0.002000	0.666667
500000	0.065000	0.600000	0.000500	0.002000	1.000000
500000	0.065000	0.600000	0.001000	0.000500	0.333333
500000	0.065000	0.600000	0.001000	0.000500	0.666667
500000	0.065000	0.600000	0.001000	0.000500	1.000000
500000	0.065000	0.600000	0.001000	0.001000	0.333333
500000	0.065000	0.600000	0.001000	0.001000	0.666667
500000	0.065000	0.600000	0.001000	0.001000	1.000000
500000	0.065000	0.600000	0.001000	0.002000	0.333333
500000	0.065000	0.600000	0.001000	0.002000	0.666667
500000	0.065000	0.600000	0.001000	0.002000	1.000000
500000	0.065000	0.700000	0.000100	0.000500	0.333333
500000	0.065000	0.700000	0.000100	0.000500	0.666667
500000	0.065000	0.700000	0.000100	0.000500	1.000000
500000	0.065000	0.700000	0.000100	0.001000	0.333333
500000	0.065000	0.700000	0.000100	0.001000	0.666667
500000	0.065000	0.700000	0.000100	0.001000	1.000000
500000	0.065000	0.700000	0.000100	0.002000	0.333333
500000	0.065000	0.700000	0.000100	0.002000	0.666667
500000	0.065000	0.700000	0.000100	0.002000	1.000000
500000	0.065000	0.700000	0.000500	0.000500	0.333333
500000	0.065000	0.700000	0.000500	0.000500	0.666667
500000	0.065000	0.700000	0.000500	0.000500	1.000000
500000	0.065000	0.700000	0.000500	0.001000	0.333333
500000	0.065000	0.700000	0.000500	0.001000	0.666667
500000	0.065000	0.700000	0.000500	0.001000	1.000000
500000	0.065000	0.700000	0.000500	0.002000	0.333333
500000	0.065000	0.700000	0.000500	0.002000	0.666667
500000	0.065000	0.700000	0.000500	0.002000	1.000000
500000	0.065000	0.700000	0.001000	0.000500	0.333333
500000	0.065000	0.700000	0.001000	0.000500	0.666667
500000	0.065000	0.700000	0.001000	0.000500	1.000000
500000	0.065000	0.700000	0.001000	0.001000	0.333333
500000	0.065000	0.700000	0.001000	0.001000	0.666667
500000	0.065000	0.700000	0.001000	0.001000	1.000000
500000	0.065000	0.700000	0.001000	0.002000	0.333333
500000	0.065000	0.700000	0.001000	0.002000	0.666667
500000	0.065000	0.700000	0.001000	0.002000	1.000000
500000	0.065000	0.800000	0.000100	0.000500	0.333333
500000	0.065000	0.800000	0.000100	0.000500	0.666667
500000	0.065000	0.800000	0.000100	0.000500	1.000000
500000	0.065000	0.800000	0.000100	0.001000	0.333333
500000	0.065000	0.800000	0.000100	0.001000	0.666667
500000	0.065000	0.800000	0.000100	0.001000	1.000000
500000	0.065000	0.800000	0.000100	0.002000	0.333333
500000	0.065000	0.800000	0.000100	0.002000	0.666667
500000	0.065000	0.800000	0.000100	0.002000	1.000000
500000	0.065000	0.800000	0.000500	0.000500	0.333333
500000	0.065000	0.800000	0.000500	0.000500	0.666667
500000	0.065000	0.800000	0.000500	0.000500	1.000000
500000	0.065000	0.800000	0.000500	0.001000	0.333333
500000	0.065000	0.800000	0.000500	0.001000	0.666667
500000	0.065000	0.800000	0.000500	0.001000	1.000000
500000	0.065000	0.800000	0.000500	0.002000	0.333333
500000	0.065000	0.800000	0.000500	0.002000	0.666667
500000	0.065000	0.800000	0.000500	0.002000	1.000000
500000	0.065000	0.800000	0.001000	0.000500	0.333333
500000	0.065000	0.800000	0.001000	0.000500	0.666667
500000	0.065000	0.800000	0.001000	0.000500	1.000000
500000	0.065000	0.800000	0.001000	0.001000	0.333333
500000	0.065000	0.800000	0.001000	0.001000	0.666667
500000	0.065000	0.800000	0.001000	0.001000	1.000000
500000	0.065000	0.800000	0.001000	0.002000	0.333333
500000	0.065000	0.800000	0.001000	0.002000	0.666667
500000	0.065000	0.800000	0.001000	0.002000	1.000000
500000	0.065000	0.900000	0.000100	0.000500	0.333333
500000	0.065000	0.900000	0.000100	0.000500	0.666667
500000	0.065000	0.900000	0.000100	0.000500	1.000000
500000	0.065000	0.900000	0.000100	0.001000	0.333333
500000	0.065000	0.900000	0.000100	0.001000	0.666667
500000	0.065000	0.900000	0.000100	0.001000	1.000000
500000	0.065000	0.900000	0.000100	0.002000	0.333333
500000	0.065000	0.900000	0.000100	0.002000	0.666667
500000	0.065000	0.900000	0.000100	0.002000	1.000000
500000	0.065000	0.900000	0.000500	0.000500	0.333333
500000	0.065000	0.900000	0.000500	0.000500	0.666667
500000	0.065000	0.900000	0.000500	0.000500	1.000000
500000	0.065000	0.900000	0.000500	0.001000	0.333333
500000	0.065000	0.900000	0.000500	0.001000	0.666667
500000	0.065000	0.900000	0.000500	0.001000	1.000000
500000	0.065000	0.900000	0.000500	0.002000	0.333333
500000	0.065000	0.900000	0.000500	0.002000	0.666667
500000	0.065000	0.900000	0.000500	0.002000	1.000000
500000	0.065000	0.900000	0.001000	0.000500	0.333333
500000	0.065000	0.900000	0.001000	0.000500	0.666667
500000	0.065000	0.900000	0.001000	0.000500	1.000000
500000	0.065000	0.900000	0.001000	0.001000	0.333333
500000	0.065000	0.900000	0.001000	0.001000	0.666667
500000	0.065000	0.900000	0.001000	0.001000	1.000000
500000	0.065000	0.900000	0.001000	0.002000	0.333333
500000	0.065000	0.900000	0.001000	0.002000	0.666667
500000	0.065000	0.900000	0.001000	0.002000	1.000000