population_size	beta	factor_effect_age_mature_immunity	immune_effect_on_progression_to_clinical	p_treatment	total_time
100000	0.05	0.1	0.1	0	4735
100000	0.05	0.1	0.2	0	4735
100000	0.05	0.1	0.3	0	4735
100000	0.05	0.1	0.4	0	4735
100000	0.05	0.1	0.5	0	4735
100000	0.05	0.2	0.1	0	4735
100000	0.05	0.2	0.2	0	4735
100000	0.05	0.2	0.3	0	4735
100000	0.05	0.2	0.4	0	4735
100000	0.05	0.2	0.5	0	4735
100000	0.05	0.3	0.1	0	4735
100000	0.05	0.3	0.2	0	4735
100000	0.05	0.3	0.3	0	4735
100000	0.05	0.3	0.4	0	4735
100000	0.05	0.3	0.5	0	4735
100000	0.05	0.4	0.1	0	4735
100000	0.05	0.4	0.2	0	4735
100000	0.05	0.4	0.3	0	4735
100000	0.05	0.4	0.4	0	4735
100000	0.05	0.4	0.5	0	4735
100000	0.05	0.5	0.1	0	4735
100000	0.05	0.5	0.2	0	4735
100000	0.05	0.5	0.3	0	4735
100000	0.05	0.5	0.4	0	4735
100000	0.05	0.5	0.5	0	4735
100000	0.05	1	0.1	0	4735
100000	0.05	1	0.2	0	4735
100000	0.05	1	0.3	0	4735
100000	0.05	1	0.4	0	4735
100000	0.05	1	0.5	0	4735
100000	0.05	2	0.1	0	4735
100000	0.05	2	0.2	0	4735
100000	0.05	2	0.3	0	4735
100000	0.05	2	0.4	0	4735
100000	0.05	2	0.5	0	4735
100000	0.05	3	0.1	0	4735
100000	0.05	3	0.2	0	4735
100000	0.05	3	0.3	0	4735
100000	0.05	3	0.4	0	4735
100000	0.05	3	0.5	0	4735
100000	0.05	4	0.1	0	4735
100000	0.05	4	0.2	0	4735
100000	0.05	4	0.3	0	4735
100000	0.05	4	0.4	0	4735
100000	0.05	4	0.5	0	4735
100000	0.05	5	0.1	0	4735
100000	0.05	5	0.2	0	4735
100000	0.05	5	0.3	0	4735
100000	0.05	5	0.4	0	4735
100000	0.05	5	0.5	0	4735
100000	0.1	0.1	0.1	0	4735
100000	0.1	0.1	0.2	0	4735
100000	0.1	0.1	0.3	0	4735
100000	0.1	0.1	0.4	0	4735
100000	0.1	0.1	0.5	0	4735
100000	0.1	0.2	0.1	0	4735
100000	0.1	0.2	0.2	0	4735
100000	0.1	0.2	0.3	0	4735
100000	0.1	0.2	0.4	0	4735
100000	0.1	0.2	0.5	0	4735
100000	0.1	0.3	0.1	0	4735
100000	0.1	0.3	0.2	0	4735
100000	0.1	0.3	0.3	0	4735
100000	0.1	0.3	0.4	0	4735
100000	0.1	0.3	0.5	0	4735
100000	0.1	0.4	0.1	0	4735
100000	0.1	0.4	0.2	0	4735
100000	0.1	0.4	0.3	0	4735
100000	0.1	0.4	0.4	0	4735
100000	0.1	0.4	0.5	0	4735
100000	0.1	0.5	0.1	0	4735
100000	0.1	0.5	0.2	0	4735
100000	0.1	0.5	0.3	0	4735
100000	0.1	0.5	0.4	0	4735
100000	0.1	0.5	0.5	0	4735
100000	0.1	1	0.1	0	4735
100000	0.1	1	0.2	0	4735
100000	0.1	1	0.3	0	4735
100000	0.1	1	0.4	0	4735
100000	0.1	1	0.5	0	4735
100000	0.1	2	0.1	0	4735
100000	0.1	2	0.2	0	4735
100000	0.1	2	0.3	0	4735
100000	0.1	2	0.4	0	4735
100000	0.1	2	0.5	0	4735
100000	0.1	3	0.1	0	4735
100000	0.1	3	0.2	0	4735
100000	0.1	3	0.3	0	4735
100000	0.1	3	0.4	0	4735
100000	0.1	3	0.5	0	4735
100000	0.1	4	0.1	0	4735
100000	0.1	4	0.2	0	4735
100000	0.1	4	0.3	0	4735
100000	0.1	4	0.4	0	4735
100000	0.1	4	0.5	0	4735
100000	0.1	5	0.1	0	4735
100000	0.1	5	0.2	0	4735
100000	0.1	5	0.3	0	4735
100000	0.1	5	0.4	0	4735
100000	0.1	5	0.5	0	4735
100000	0.15	0.1	0.1	0	4735
100000	0.15	0.1	0.2	0	4735
100000	0.15	0.1	0.3	0	4735
100000	0.15	0.1	0.4	0	4735
100000	0.15	0.1	0.5	0	4735
100000	0.15	0.2	0.1	0	4735
100000	0.15	0.2	0.2	0	4735
100000	0.15	0.2	0.3	0	4735
100000	0.15	0.2	0.4	0	4735
100000	0.15	0.2	0.5	0	4735
100000	0.15	0.3	0.1	0	4735
100000	0.15	0.3	0.2	0	4735
100000	0.15	0.3	0.3	0	4735
100000	0.15	0.3	0.4	0	4735
100000	0.15	0.3	0.5	0	4735
100000	0.15	0.4	0.1	0	4735
100000	0.15	0.4	0.2	0	4735
100000	0.15	0.4	0.3	0	4735
100000	0.15	0.4	0.4	0	4735
100000	0.15	0.4	0.5	0	4735
100000	0.15	0.5	0.1	0	4735
100000	0.15	0.5	0.2	0	4735
100000	0.15	0.5	0.3	0	4735
100000	0.15	0.5	0.4	0	4735
100000	0.15	0.5	0.5	0	4735
100000	0.15	1	0.1	0	4735
100000	0.15	1	0.2	0	4735
100000	0.15	1	0.3	0	4735
100000	0.15	1	0.4	0	4735
100000	0.15	1	0.5	0	4735
100000	0.15	2	0.1	0	4735
100000	0.15	2	0.2	0	4735
100000	0.15	2	0.3	0	4735
100000	0.15	2	0.4	0	4735
100000	0.15	2	0.5	0	4735
100000	0.15	3	0.1	0	4735
100000	0.15	3	0.2	0	4735
100000	0.15	3	0.3	0	4735
100000	0.15	3	0.4	0	4735
100000	0.15	3	0.5	0	4735
100000	0.15	4	0.1	0	4735
100000	0.15	4	0.2	0	4735
100000	0.15	4	0.3	0	4735
100000	0.15	4	0.4	0	4735
100000	0.15	4	0.5	0	4735
100000	0.15	5	0.1	0	4735
100000	0.15	5	0.2	0	4735
100000	0.15	5	0.3	0	4735
100000	0.15	5	0.4	0	4735
100000	0.15	5	0.5	0	4735
100000	0.2	0.1	0.1	0	4735
100000	0.2	0.1	0.2	0	4735
100000	0.2	0.1	0.3	0	4735
100000	0.2	0.1	0.4	0	4735
100000	0.2	0.1	0.5	0	4735
100000	0.2	0.2	0.1	0	4735
100000	0.2	0.2	0.2	0	4735
100000	0.2	0.2	0.3	0	4735
100000	0.2	0.2	0.4	0	4735
100000	0.2	0.2	0.5	0	4735
100000	0.2	0.3	0.1	0	4735
100000	0.2	0.3	0.2	0	4735
100000	0.2	0.3	0.3	0	4735
100000	0.2	0.3	0.4	0	4735
100000	0.2	0.3	0.5	0	4735
100000	0.2	0.4	0.1	0	4735
100000	0.2	0.4	0.2	0	4735
100000	0.2	0.4	0.3	0	4735
100000	0.2	0.4	0.4	0	4735
100000	0.2	0.4	0.5	0	4735
100000	0.2	0.5	0.1	0	4735
100000	0.2	0.5	0.2	0	4735
100000	0.2	0.5	0.3	0	4735
100000	0.2	0.5	0.4	0	4735
100000	0.2	0.5	0.5	0	4735
100000	0.2	1	0.1	0	4735
100000	0.2	1	0.2	0	4735
100000	0.2	1	0.3	0	4735
100000	0.2	1	0.4	0	4735
100000	0.2	1	0.5	0	4735
100000	0.2	2	0.1	0	4735
100000	0.2	2	0.2	0	4735
100000	0.2	2	0.3	0	4735
100000	0.2	2	0.4	0	4735
100000	0.2	2	0.5	0	4735
100000	0.2	3	0.1	0	4735
100000	0.2	3	0.2	0	4735
100000	0.2	3	0.3	0	4735
100000	0.2	3	0.4	0	4735
100000	0.2	3	0.5	0	4735
100000	0.2	4	0.1	0	4735
100000	0.2	4	0.2	0	4735
100000	0.2	4	0.3	0	4735
100000	0.2	4	0.4	0	4735
100000	0.2	4	0.5	0	4735
100000	0.2	5	0.1	0	4735
100000	0.2	5	0.2	0	4735
100000	0.2	5	0.3	0	4735
100000	0.2	5	0.4	0	4735
100000	0.2	5	0.5	0	4735
100000	0.25	0.1	0.1	0	4735
100000	0.25	0.1	0.2	0	4735
100000	0.25	0.1	0.3	0	4735
100000	0.25	0.1	0.4	0	4735
100000	0.25	0.1	0.5	0	4735
100000	0.25	0.2	0.1	0	4735
100000	0.25	0.2	0.2	0	4735
100000	0.25	0.2	0.3	0	4735
100000	0.25	0.2	0.4	0	4735
100000	0.25	0.2	0.5	0	4735
100000	0.25	0.3	0.1	0	4735
100000	0.25	0.3	0.2	0	4735
100000	0.25	0.3	0.3	0	4735
100000	0.25	0.3	0.4	0	4735
100000	0.25	0.3	0.5	0	4735
100000	0.25	0.4	0.1	0	4735
100000	0.25	0.4	0.2	0	4735
100000	0.25	0.4	0.3	0	4735
100000	0.25	0.4	0.4	0	4735
100000	0.25	0.4	0.5	0	4735
100000	0.25	0.5	0.1	0	4735
100000	0.25	0.5	0.2	0	4735
100000	0.25	0.5	0.3	0	4735
100000	0.25	0.5	0.4	0	4735
100000	0.25	0.5	0.5	0	4735
100000	0.25	1	0.1	0	4735
100000	0.25	1	0.2	0	4735
100000	0.25	1	0.3	0	4735
100000	0.25	1	0.4	0	4735
100000	0.25	1	0.5	0	4735
100000	0.25	2	0.1	0	4735
100000	0.25	2	0.2	0	4735
100000	0.25	2	0.3	0	4735
100000	0.25	2	0.4	0	4735
100000	0.25	2	0.5	0	4735
100000	0.25	3	0.1	0	4735
100000	0.25	3	0.2	0	4735
100000	0.25	3	0.3	0	4735
100000	0.25	3	0.4	0	4735
100000	0.25	3	0.5	0	4735
100000	0.25	4	0.1	0	4735
100000	0.25	4	0.2	0	4735
100000	0.25	4	0.3	0	4735
100000	0.25	4	0.4	0	4735
100000	0.25	4	0.5	0	4735
100000	0.25	5	0.1	0	4735
100000	0.25	5	0.2	0	4735
100000	0.25	5	0.3	0	4735
100000	0.25	5	0.4	0	4735
100000	0.25	5	0.5	0	4735
100000	0.3	0.1	0.1	0	4735
100000	0.3	0.1	0.2	0	4735
100000	0.3	0.1	0.3	0	4735
100000	0.3	0.1	0.4	0	4735
100000	0.3	0.1	0.5	0	4735
100000	0.3	0.2	0.1	0	4735
100000	0.3	0.2	0.2	0	4735
100000	0.3	0.2	0.3	0	4735
100000	0.3	0.2	0.4	0	4735
100000	0.3	0.2	0.5	0	4735
100000	0.3	0.3	0.1	0	4735
100000	0.3	0.3	0.2	0	4735
100000	0.3	0.3	0.3	0	4735
100000	0.3	0.3	0.4	0	4735
100000	0.3	0.3	0.5	0	4735
100000	0.3	0.4	0.1	0	4735
100000	0.3	0.4	0.2	0	4735
100000	0.3	0.4	0.3	0	4735
100000	0.3	0.4	0.4	0	4735
100000	0.3	0.4	0.5	0	4735
100000	0.3	0.5	0.1	0	4735
100000	0.3	0.5	0.2	0	4735
100000	0.3	0.5	0.3	0	4735
100000	0.3	0.5	0.4	0	4735
100000	0.3	0.5	0.5	0	4735
100000	0.3	1	0.1	0	4735
100000	0.3	1	0.2	0	4735
100000	0.3	1	0.3	0	4735
100000	0.3	1	0.4	0	4735
100000	0.3	1	0.5	0	4735
100000	0.3	2	0.1	0	4735
100000	0.3	2	0.2	0	4735
100000	0.3	2	0.3	0	4735
100000	0.3	2	0.4	0	4735
100000	0.3	2	0.5	0	4735
100000	0.3	3	0.1	0	4735
100000	0.3	3	0.2	0	4735
100000	0.3	3	0.3	0	4735
100000	0.3	3	0.4	0	4735
100000	0.3	3	0.5	0	4735
100000	0.3	4	0.1	0	4735
100000	0.3	4	0.2	0	4735
100000	0.3	4	0.3	0	4735
100000	0.3	4	0.4	0	4735
100000	0.3	4	0.5	0	4735
100000	0.3	5	0.1	0	4735
100000	0.3	5	0.2	0	4735
100000	0.3	5	0.3	0	4735
100000	0.3	5	0.4	0	4735
100000	0.3	5	0.5	0	4735
100000	0.35	0.1	0.1	0	4735
100000	0.35	0.1	0.2	0	4735
100000	0.35	0.1	0.3	0	4735
100000	0.35	0.1	0.4	0	4735
100000	0.35	0.1	0.5	0	4735
100000	0.35	0.2	0.1	0	4735
100000	0.35	0.2	0.2	0	4735
100000	0.35	0.2	0.3	0	4735
100000	0.35	0.2	0.4	0	4735
100000	0.35	0.2	0.5	0	4735
100000	0.35	0.3	0.1	0	4735
100000	0.35	0.3	0.2	0	4735
100000	0.35	0.3	0.3	0	4735
100000	0.35	0.3	0.4	0	4735
100000	0.35	0.3	0.5	0	4735
100000	0.35	0.4	0.1	0	4735
100000	0.35	0.4	0.2	0	4735
100000	0.35	0.4	0.3	0	4735
100000	0.35	0.4	0.4	0	4735
100000	0.35	0.4	0.5	0	4735
100000	0.35	0.5	0.1	0	4735
100000	0.35	0.5	0.2	0	4735
100000	0.35	0.5	0.3	0	4735
100000	0.35	0.5	0.4	0	4735
100000	0.35	0.5	0.5	0	4735
100000	0.35	1	0.1	0	4735
100000	0.35	1	0.2	0	4735
100000	0.35	1	0.3	0	4735
100000	0.35	1	0.4	0	4735
100000	0.35	1	0.5	0	4735
100000	0.35	2	0.1	0	4735
100000	0.35	2	0.2	0	4735
100000	0.35	2	0.3	0	4735
100000	0.35	2	0.4	0	4735
100000	0.35	2	0.5	0	4735
100000	0.35	3	0.1	0	4735
100000	0.35	3	0.2	0	4735
100000	0.35	3	0.3	0	4735
100000	0.35	3	0.4	0	4735
100000	0.35	3	0.5	0	4735
100000	0.35	4	0.1	0	4735
100000	0.35	4	0.2	0	4735
100000	0.35	4	0.3	0	4735
100000	0.35	4	0.4	0	4735
100000	0.35	4	0.5	0	4735
100000	0.35	5	0.1	0	4735
100000	0.35	5	0.2	0	4735
100000	0.35	5	0.3	0	4735
100000	0.35	5	0.4	0	4735
100000	0.35	5	0.5	0	4735
100000	0.4	0.1	0.1	0	4735
100000	0.4	0.1	0.2	0	4735
100000	0.4	0.1	0.3	0	4735
100000	0.4	0.1	0.4	0	4735
100000	0.4	0.1	0.5	0	4735
100000	0.4	0.2	0.1	0	4735
100000	0.4	0.2	0.2	0	4735
100000	0.4	0.2	0.3	0	4735
100000	0.4	0.2	0.4	0	4735
100000	0.4	0.2	0.5	0	4735
100000	0.4	0.3	0.1	0	4735
100000	0.4	0.3	0.2	0	4735
100000	0.4	0.3	0.3	0	4735
100000	0.4	0.3	0.4	0	4735
100000	0.4	0.3	0.5	0	4735
100000	0.4	0.4	0.1	0	4735
100000	0.4	0.4	0.2	0	4735
100000	0.4	0.4	0.3	0	4735
100000	0.4	0.4	0.4	0	4735
100000	0.4	0.4	0.5	0	4735
100000	0.4	0.5	0.1	0	4735
100000	0.4	0.5	0.2	0	4735
100000	0.4	0.5	0.3	0	4735
100000	0.4	0.5	0.4	0	4735
100000	0.4	0.5	0.5	0	4735
100000	0.4	1	0.1	0	4735
100000	0.4	1	0.2	0	4735
100000	0.4	1	0.3	0	4735
100000	0.4	1	0.4	0	4735
100000	0.4	1	0.5	0	4735
100000	0.4	2	0.1	0	4735
100000	0.4	2	0.2	0	4735
100000	0.4	2	0.3	0	4735
100000	0.4	2	0.4	0	4735
100000	0.4	2	0.5	0	4735
100000	0.4	3	0.1	0	4735
100000	0.4	3	0.2	0	4735
100000	0.4	3	0.3	0	4735
100000	0.4	3	0.4	0	4735
100000	0.4	3	0.5	0	4735
100000	0.4	4	0.1	0	4735
100000	0.4	4	0.2	0	4735
100000	0.4	4	0.3	0	4735
100000	0.4	4	0.4	0	4735
100000	0.4	4	0.5	0	4735
100000	0.4	5	0.1	0	4735
100000	0.4	5	0.2	0	4735
100000	0.4	5	0.3	0	4735
100000	0.4	5	0.4	0	4735
100000	0.4	5	0.5	0	4735
100000	0.45	0.1	0.1	0	4735
100000	0.45	0.1	0.2	0	4735
100000	0.45	0.1	0.3	0	4735
100000	0.45	0.1	0.4	0	4735
100000	0.45	0.1	0.5	0	4735
100000	0.45	0.2	0.1	0	4735
100000	0.45	0.2	0.2	0	4735
100000	0.45	0.2	0.3	0	4735
100000	0.45	0.2	0.4	0	4735
100000	0.45	0.2	0.5	0	4735
100000	0.45	0.3	0.1	0	4735
100000	0.45	0.3	0.2	0	4735
100000	0.45	0.3	0.3	0	4735
100000	0.45	0.3	0.4	0	4735
100000	0.45	0.3	0.5	0	4735
100000	0.45	0.4	0.1	0	4735
100000	0.45	0.4	0.2	0	4735
100000	0.45	0.4	0.3	0	4735
100000	0.45	0.4	0.4	0	4735
100000	0.45	0.4	0.5	0	4735
100000	0.45	0.5	0.1	0	4735
100000	0.45	0.5	0.2	0	4735
100000	0.45	0.5	0.3	0	4735
100000	0.45	0.5	0.4	0	4735
100000	0.45	0.5	0.5	0	4735
100000	0.45	1	0.1	0	4735
100000	0.45	1	0.2	0	4735
100000	0.45	1	0.3	0	4735
100000	0.45	1	0.4	0	4735
100000	0.45	1	0.5	0	4735
100000	0.45	2	0.1	0	4735
100000	0.45	2	0.2	0	4735
100000	0.45	2	0.3	0	4735
100000	0.45	2	0.4	0	4735
100000	0.45	2	0.5	0	4735
100000	0.45	3	0.1	0	4735
100000	0.45	3	0.2	0	4735
100000	0.45	3	0.3	0	4735
100000	0.45	3	0.4	0	4735
100000	0.45	3	0.5	0	4735
100000	0.45	4	0.1	0	4735
100000	0.45	4	0.2	0	4735
100000	0.45	4	0.3	0	4735
100000	0.45	4	0.4	0	4735
100000	0.45	4	0.5	0	4735
100000	0.45	5	0.1	0	4735
100000	0.45	5	0.2	0	4735
100000	0.45	5	0.3	0	4735
100000	0.45	5	0.4	0	4735
100000	0.45	5	0.5	0	4735
100000	0.5	0.1	0.1	0	4735
100000	0.5	0.1	0.2	0	4735
100000	0.5	0.1	0.3	0	4735
100000	0.5	0.1	0.4	0	4735
100000	0.5	0.1	0.5	0	4735
100000	0.5	0.2	0.1	0	4735
100000	0.5	0.2	0.2	0	4735
100000	0.5	0.2	0.3	0	4735
100000	0.5	0.2	0.4	0	4735
100000	0.5	0.2	0.5	0	4735
100000	0.5	0.3	0.1	0	4735
100000	0.5	0.3	0.2	0	4735
100000	0.5	0.3	0.3	0	4735
100000	0.5	0.3	0.4	0	4735
100000	0.5	0.3	0.5	0	4735
100000	0.5	0.4	0.1	0	4735
100000	0.5	0.4	0.2	0	4735
100000	0.5	0.4	0.3	0	4735
100000	0.5	0.4	0.4	0	4735
100000	0.5	0.4	0.5	0	4735
100000	0.5	0.5	0.1	0	4735
100000	0.5	0.5	0.2	0	4735
100000	0.5	0.5	0.3	0	4735
100000	0.5	0.5	0.4	0	4735
100000	0.5	0.5	0.5	0	4735
100000	0.5	1	0.1	0	4735
100000	0.5	1	0.2	0	4735
100000	0.5	1	0.3	0	4735
100000	0.5	1	0.4	0	4735
100000	0.5	1	0.5	0	4735
100000	0.5	2	0.1	0	4735
100000	0.5	2	0.2	0	4735
100000	0.5	2	0.3	0	4735
100000	0.5	2	0.4	0	4735
100000	0.5	2	0.5	0	4735
100000	0.5	3	0.1	0	4735
100000	0.5	3	0.2	0	4735
100000	0.5	3	0.3	0	4735
100000	0.5	3	0.4	0	4735
100000	0.5	3	0.5	0	4735
100000	0.5	4	0.1	0	4735
100000	0.5	4	0.2	0	4735
100000	0.5	4	0.3	0	4735
100000	0.5	4	0.4	0	4735
100000	0.5	4	0.5	0	4735
100000	0.5	5	0.1	0	4735
100000	0.5	5	0.2	0	4735
100000	0.5	5	0.3	0	4735
100000	0.5	5	0.4	0	4735
100000	0.5	5	0.5	0	4735
100000	0.55	0.1	0.1	0	4735
100000	0.55	0.1	0.2	0	4735
100000	0.55	0.1	0.3	0	4735
100000	0.55	0.1	0.4	0	4735
100000	0.55	0.1	0.5	0	4735
100000	0.55	0.2	0.1	0	4735
100000	0.55	0.2	0.2	0	4735
100000	0.55	0.2	0.3	0	4735
100000	0.55	0.2	0.4	0	4735
100000	0.55	0.2	0.5	0	4735
100000	0.55	0.3	0.1	0	4735
100000	0.55	0.3	0.2	0	4735
100000	0.55	0.3	0.3	0	4735
100000	0.55	0.3	0.4	0	4735
100000	0.55	0.3	0.5	0	4735
100000	0.55	0.4	0.1	0	4735
100000	0.55	0.4	0.2	0	4735
100000	0.55	0.4	0.3	0	4735
100000	0.55	0.4	0.4	0	4735
100000	0.55	0.4	0.5	0	4735
100000	0.55	0.5	0.1	0	4735
100000	0.55	0.5	0.2	0	4735
100000	0.55	0.5	0.3	0	4735
100000	0.55	0.5	0.4	0	4735
100000	0.55	0.5	0.5	0	4735
100000	0.55	1	0.1	0	4735
100000	0.55	1	0.2	0	4735
100000	0.55	1	0.3	0	4735
100000	0.55	1	0.4	0	4735
100000	0.55	1	0.5	0	4735
100000	0.55	2	0.1	0	4735
100000	0.55	2	0.2	0	4735
100000	0.55	2	0.3	0	4735
100000	0.55	2	0.4	0	4735
100000	0.55	2	0.5	0	4735
100000	0.55	3	0.1	0	4735
100000	0.55	3	0.2	0	4735
100000	0.55	3	0.3	0	4735
100000	0.55	3	0.4	0	4735
100000	0.55	3	0.5	0	4735
100000	0.55	4	0.1	0	4735
100000	0.55	4	0.2	0	4735
100000	0.55	4	0.3	0	4735
100000	0.55	4	0.4	0	4735
100000	0.55	4	0.5	0	4735
100000	0.55	5	0.1	0	4735
100000	0.55	5	0.2	0	4735
100000	0.55	5	0.3	0	4735
100000	0.55	5	0.4	0	4735
100000	0.55	5	0.5	0	4735
100000	0.6	0.1	0.1	0	4735
100000	0.6	0.1	0.2	0	4735
100000	0.6	0.1	0.3	0	4735
100000	0.6	0.1	0.4	0	4735
100000	0.6	0.1	0.5	0	4735
100000	0.6	0.2	0.1	0	4735
100000	0.6	0.2	0.2	0	4735
100000	0.6	0.2	0.3	0	4735
100000	0.6	0.2	0.4	0	4735
100000	0.6	0.2	0.5	0	4735
100000	0.6	0.3	0.1	0	4735
100000	0.6	0.3	0.2	0	4735
100000	0.6	0.3	0.3	0	4735
100000	0.6	0.3	0.4	0	4735
100000	0.6	0.3	0.5	0	4735
100000	0.6	0.4	0.1	0	4735
100000	0.6	0.4	0.2	0	4735
100000	0.6	0.4	0.3	0	4735
100000	0.6	0.4	0.4	0	4735
100000	0.6	0.4	0.5	0	4735
100000	0.6	0.5	0.1	0	4735
100000	0.6	0.5	0.2	0	4735
100000	0.6	0.5	0.3	0	4735
100000	0.6	0.5	0.4	0	4735
100000	0.6	0.5	0.5	0	4735
100000	0.6	1	0.1	0	4735
100000	0.6	1	0.2	0	4735
100000	0.6	1	0.3	0	4735
100000	0.6	1	0.4	0	4735
100000	0.6	1	0.5	0	4735
100000	0.6	2	0.1	0	4735
100000	0.6	2	0.2	0	4735
100000	0.6	2	0.3	0	4735
100000	0.6	2	0.4	0	4735
100000	0.6	2	0.5	0	4735
100000	0.6	3	0.1	0	4735
100000	0.6	3	0.2	0	4735
100000	0.6	3	0.3	0	4735
100000	0.6	3	0.4	0	4735
100000	0.6	3	0.5	0	4735
100000	0.6	4	0.1	0	4735
100000	0.6	4	0.2	0	4735
100000	0.6	4	0.3	0	4735
100000	0.6	4	0.4	0	4735
100000	0.6	4	0.5	0	4735
100000	0.6	5	0.1	0	4735
100000	0.6	5	0.2	0	4735
100000	0.6	5	0.3	0	4735
100000	0.6	5	0.4	0	4735
100000	0.6	5	0.5	0	4735
100000	0.65	0.1	0.1	0	4735
100000	0.65	0.1	0.2	0	4735
100000	0.65	0.1	0.3	0	4735
100000	0.65	0.1	0.4	0	4735
100000	0.65	0.1	0.5	0	4735
100000	0.65	0.2	0.1	0	4735
100000	0.65	0.2	0.2	0	4735
100000	0.65	0.2	0.3	0	4735
100000	0.65	0.2	0.4	0	4735
100000	0.65	0.2	0.5	0	4735
100000	0.65	0.3	0.1	0	4735
100000	0.65	0.3	0.2	0	4735
100000	0.65	0.3	0.3	0	4735
100000	0.65	0.3	0.4	0	4735
100000	0.65	0.3	0.5	0	4735
100000	0.65	0.4	0.1	0	4735
100000	0.65	0.4	0.2	0	4735
100000	0.65	0.4	0.3	0	4735
100000	0.65	0.4	0.4	0	4735
100000	0.65	0.4	0.5	0	4735
100000	0.65	0.5	0.1	0	4735
100000	0.65	0.5	0.2	0	4735
100000	0.65	0.5	0.3	0	4735
100000	0.65	0.5	0.4	0	4735
100000	0.65	0.5	0.5	0	4735
100000	0.65	1	0.1	0	4735
100000	0.65	1	0.2	0	4735
100000	0.65	1	0.3	0	4735
100000	0.65	1	0.4	0	4735
100000	0.65	1	0.5	0	4735
100000	0.65	2	0.1	0	4735
100000	0.65	2	0.2	0	4735
100000	0.65	2	0.3	0	4735
100000	0.65	2	0.4	0	4735
100000	0.65	2	0.5	0	4735
100000	0.65	3	0.1	0	4735
100000	0.65	3	0.2	0	4735
100000	0.65	3	0.3	0	4735
100000	0.65	3	0.4	0	4735
100000	0.65	3	0.5	0	4735
100000	0.65	4	0.1	0	4735
100000	0.65	4	0.2	0	4735
100000	0.65	4	0.3	0	4735
100000	0.65	4	0.4	0	4735
100000	0.65	4	0.5	0	4735
100000	0.65	5	0.1	0	4735
100000	0.65	5	0.2	0	4735
100000	0.65	5	0.3	0	4735
100000	0.65	5	0.4	0	4735
100000	0.65	5	0.5	0	4735
100000	0.7	0.1	0.1	0	4735
100000	0.7	0.1	0.2	0	4735
100000	0.7	0.1	0.3	0	4735
100000	0.7	0.1	0.4	0	4735
100000	0.7	0.1	0.5	0	4735
100000	0.7	0.2	0.1	0	4735
100000	0.7	0.2	0.2	0	4735
100000	0.7	0.2	0.3	0	4735
100000	0.7	0.2	0.4	0	4735
100000	0.7	0.2	0.5	0	4735
100000	0.7	0.3	0.1	0	4735
100000	0.7	0.3	0.2	0	4735
100000	0.7	0.3	0.3	0	4735
100000	0.7	0.3	0.4	0	4735
100000	0.7	0.3	0.5	0	4735
100000	0.7	0.4	0.1	0	4735
100000	0.7	0.4	0.2	0	4735
100000	0.7	0.4	0.3	0	4735
100000	0.7	0.4	0.4	0	4735
100000	0.7	0.4	0.5	0	4735
100000	0.7	0.5	0.1	0	4735
100000	0.7	0.5	0.2	0	4735
100000	0.7	0.5	0.3	0	4735
100000	0.7	0.5	0.4	0	4735
100000	0.7	0.5	0.5	0	4735
100000	0.7	1	0.1	0	4735
100000	0.7	1	0.2	0	4735
100000	0.7	1	0.3	0	4735
100000	0.7	1	0.4	0	4735
100000	0.7	1	0.5	0	4735
100000	0.7	2	0.1	0	4735
100000	0.7	2	0.2	0	4735
100000	0.7	2	0.3	0	4735
100000	0.7	2	0.4	0	4735
100000	0.7	2	0.5	0	4735
100000	0.7	3	0.1	0	4735
100000	0.7	3	0.2	0	4735
100000	0.7	3	0.3	0	4735
100000	0.7	3	0.4	0	4735
100000	0.7	3	0.5	0	4735
100000	0.7	4	0.1	0	4735
100000	0.7	4	0.2	0	4735
100000	0.7	4	0.3	0	4735
100000	0.7	4	0.4	0	4735
100000	0.7	4	0.5	0	4735
100000	0.7	5	0.1	0	4735
100000	0.7	5	0.2	0	4735
100000	0.7	5	0.3	0	4735
100000	0.7	5	0.4	0	4735
100000	0.7	5	0.5	0	4735
100000	0.75	0.1	0.1	0	4735
100000	0.75	0.1	0.2	0	4735
100000	0.75	0.1	0.3	0	4735
100000	0.75	0.1	0.4	0	4735
100000	0.75	0.1	0.5	0	4735
100000	0.75	0.2	0.1	0	4735
100000	0.75	0.2	0.2	0	4735
100000	0.75	0.2	0.3	0	4735
100000	0.75	0.2	0.4	0	4735
100000	0.75	0.2	0.5	0	4735
100000	0.75	0.3	0.1	0	4735
100000	0.75	0.3	0.2	0	4735
100000	0.75	0.3	0.3	0	4735
100000	0.75	0.3	0.4	0	4735
100000	0.75	0.3	0.5	0	4735
100000	0.75	0.4	0.1	0	4735
100000	0.75	0.4	0.2	0	4735
100000	0.75	0.4	0.3	0	4735
100000	0.75	0.4	0.4	0	4735
100000	0.75	0.4	0.5	0	4735
100000	0.75	0.5	0.1	0	4735
100000	0.75	0.5	0.2	0	4735
100000	0.75	0.5	0.3	0	4735
100000	0.75	0.5	0.4	0	4735
100000	0.75	0.5	0.5	0	4735
100000	0.75	1	0.1	0	4735
100000	0.75	1	0.2	0	4735
100000	0.75	1	0.3	0	4735
100000	0.75	1	0.4	0	4735
100000	0.75	1	0.5	0	4735
100000	0.75	2	0.1	0	4735
100000	0.75	2	0.2	0	4735
100000	0.75	2	0.3	0	4735
100000	0.75	2	0.4	0	4735
100000	0.75	2	0.5	0	4735
100000	0.75	3	0.1	0	4735
100000	0.75	3	0.2	0	4735
100000	0.75	3	0.3	0	4735
100000	0.75	3	0.4	0	4735
100000	0.75	3	0.5	0	4735
100000	0.75	4	0.1	0	4735
100000	0.75	4	0.2	0	4735
100000	0.75	4	0.3	0	4735
100000	0.75	4	0.4	0	4735
100000	0.75	4	0.5	0	4735
100000	0.75	5	0.1	0	4735
100000	0.75	5	0.2	0	4735
100000	0.75	5	0.3	0	4735
100000	0.75	5	0.4	0	4735
100000	0.75	5	0.5	0	4735
100000	0.8	0.1	0.1	0	4735
100000	0.8	0.1	0.2	0	4735
100000	0.8	0.1	0.3	0	4735
100000	0.8	0.1	0.4	0	4735
100000	0.8	0.1	0.5	0	4735
100000	0.8	0.2	0.1	0	4735
100000	0.8	0.2	0.2	0	4735
100000	0.8	0.2	0.3	0	4735
100000	0.8	0.2	0.4	0	4735
100000	0.8	0.2	0.5	0	4735
100000	0.8	0.3	0.1	0	4735
100000	0.8	0.3	0.2	0	4735
100000	0.8	0.3	0.3	0	4735
100000	0.8	0.3	0.4	0	4735
100000	0.8	0.3	0.5	0	4735
100000	0.8	0.4	0.1	0	4735
100000	0.8	0.4	0.2	0	4735
100000	0.8	0.4	0.3	0	4735
100000	0.8	0.4	0.4	0	4735
100000	0.8	0.4	0.5	0	4735
100000	0.8	0.5	0.1	0	4735
100000	0.8	0.5	0.2	0	4735
100000	0.8	0.5	0.3	0	4735
100000	0.8	0.5	0.4	0	4735
100000	0.8	0.5	0.5	0	4735
100000	0.8	1	0.1	0	4735
100000	0.8	1	0.2	0	4735
100000	0.8	1	0.3	0	4735
100000	0.8	1	0.4	0	4735
100000	0.8	1	0.5	0	4735
100000	0.8	2	0.1	0	4735
100000	0.8	2	0.2	0	4735
100000	0.8	2	0.3	0	4735
100000	0.8	2	0.4	0	4735
100000	0.8	2	0.5	0	4735
100000	0.8	3	0.1	0	4735
100000	0.8	3	0.2	0	4735
100000	0.8	3	0.3	0	4735
100000	0.8	3	0.4	0	4735
100000	0.8	3	0.5	0	4735
100000	0.8	4	0.1	0	4735
100000	0.8	4	0.2	0	4735
100000	0.8	4	0.3	0	4735
100000	0.8	4	0.4	0	4735
100000	0.8	4	0.5	0	4735
100000	0.8	5	0.1	0	4735
100000	0.8	5	0.2	0	4735
100000	0.8	5	0.3	0	4735
100000	0.8	5	0.4	0	4735
100000	0.8	5	0.5	0	4735
100000	0.85	0.1	0.1	0	4735
100000	0.85	0.1	0.2	0	4735
100000	0.85	0.1	0.3	0	4735
100000	0.85	0.1	0.4	0	4735
100000	0.85	0.1	0.5	0	4735
100000	0.85	0.2	0.1	0	4735
100000	0.85	0.2	0.2	0	4735
100000	0.85	0.2	0.3	0	4735
100000	0.85	0.2	0.4	0	4735
100000	0.85	0.2	0.5	0	4735
100000	0.85	0.3	0.1	0	4735
100000	0.85	0.3	0.2	0	4735
100000	0.85	0.3	0.3	0	4735
100000	0.85	0.3	0.4	0	4735
100000	0.85	0.3	0.5	0	4735
100000	0.85	0.4	0.1	0	4735
100000	0.85	0.4	0.2	0	4735
100000	0.85	0.4	0.3	0	4735
100000	0.85	0.4	0.4	0	4735
100000	0.85	0.4	0.5	0	4735
100000	0.85	0.5	0.1	0	4735
100000	0.85	0.5	0.2	0	4735
100000	0.85	0.5	0.3	0	4735
100000	0.85	0.5	0.4	0	4735
100000	0.85	0.5	0.5	0	4735
100000	0.85	1	0.1	0	4735
100000	0.85	1	0.2	0	4735
100000	0.85	1	0.3	0	4735
100000	0.85	1	0.4	0	4735
100000	0.85	1	0.5	0	4735
100000	0.85	2	0.1	0	4735
100000	0.85	2	0.2	0	4735
100000	0.85	2	0.3	0	4735
100000	0.85	2	0.4	0	4735
100000	0.85	2	0.5	0	4735
100000	0.85	3	0.1	0	4735
100000	0.85	3	0.2	0	4735
100000	0.85	3	0.3	0	4735
100000	0.85	3	0.4	0	4735
100000	0.85	3	0.5	0	4735
100000	0.85	4	0.1	0	4735
100000	0.85	4	0.2	0	4735
100000	0.85	4	0.3	0	4735
100000	0.85	4	0.4	0	4735
100000	0.85	4	0.5	0	4735
100000	0.85	5	0.1	0	4735
100000	0.85	5	0.2	0	4735
100000	0.85	5	0.3	0	4735
100000	0.85	5	0.4	0	4735
100000	0.85	5	0.5	0	4735
100000	0.9	0.1	0.1	0	4735
100000	0.9	0.1	0.2	0	4735
100000	0.9	0.1	0.3	0	4735
100000	0.9	0.1	0.4	0	4735
100000	0.9	0.1	0.5	0	4735
100000	0.9	0.2	0.1	0	4735
100000	0.9	0.2	0.2	0	4735
100000	0.9	0.2	0.3	0	4735
100000	0.9	0.2	0.4	0	4735
100000	0.9	0.2	0.5	0	4735
100000	0.9	0.3	0.1	0	4735
100000	0.9	0.3	0.2	0	4735
100000	0.9	0.3	0.3	0	4735
100000	0.9	0.3	0.4	0	4735
100000	0.9	0.3	0.5	0	4735
100000	0.9	0.4	0.1	0	4735
100000	0.9	0.4	0.2	0	4735
100000	0.9	0.4	0.3	0	4735
100000	0.9	0.4	0.4	0	4735
100000	0.9	0.4	0.5	0	4735
100000	0.9	0.5	0.1	0	4735
100000	0.9	0.5	0.2	0	4735
100000	0.9	0.5	0.3	0	4735
100000	0.9	0.5	0.4	0	4735
100000	0.9	0.5	0.5	0	4735
100000	0.9	1	0.1	0	4735
100000	0.9	1	0.2	0	4735
100000	0.9	1	0.3	0	4735
100000	0.9	1	0.4	0	4735
100000	0.9	1	0.5	0	4735
100000	0.9	2	0.1	0	4735
100000	0.9	2	0.2	0	4735
100000	0.9	2	0.3	0	4735
100000	0.9	2	0.4	0	4735
100000	0.9	2	0.5	0	4735
100000	0.9	3	0.1	0	4735
100000	0.9	3	0.2	0	4735
100000	0.9	3	0.3	0	4735
100000	0.9	3	0.4	0	4735
100000	0.9	3	0.5	0	4735
100000	0.9	4	0.1	0	4735
100000	0.9	4	0.2	0	4735
100000	0.9	4	0.3	0	4735
100000	0.9	4	0.4	0	4735
100000	0.9	4	0.5	0	4735
100000	0.9	5	0.1	0	4735
100000	0.9	5	0.2	0	4735
100000	0.9	5	0.3	0	4735
100000	0.9	5	0.4	0	4735
100000	0.9	5	0.5	0	4735
100000	0.95	0.1	0.1	0	4735
100000	0.95	0.1	0.2	0	4735
100000	0.95	0.1	0.3	0	4735
100000	0.95	0.1	0.4	0	4735
100000	0.95	0.1	0.5	0	4735
100000	0.95	0.2	0.1	0	4735
100000	0.95	0.2	0.2	0	4735
100000	0.95	0.2	0.3	0	4735
100000	0.95	0.2	0.4	0	4735
100000	0.95	0.2	0.5	0	4735
100000	0.95	0.3	0.1	0	4735
100000	0.95	0.3	0.2	0	4735
100000	0.95	0.3	0.3	0	4735
100000	0.95	0.3	0.4	0	4735
100000	0.95	0.3	0.5	0	4735
100000	0.95	0.4	0.1	0	4735
100000	0.95	0.4	0.2	0	4735
100000	0.95	0.4	0.3	0	4735
100000	0.95	0.4	0.4	0	4735
100000	0.95	0.4	0.5	0	4735
100000	0.95	0.5	0.1	0	4735
100000	0.95	0.5	0.2	0	4735
100000	0.95	0.5	0.3	0	4735
100000	0.95	0.5	0.4	0	4735
100000	0.95	0.5	0.5	0	4735
100000	0.95	1	0.1	0	4735
100000	0.95	1	0.2	0	4735
100000	0.95	1	0.3	0	4735
100000	0.95	1	0.4	0	4735
100000	0.95	1	0.5	0	4735
100000	0.95	2	0.1	0	4735
100000	0.95	2	0.2	0	4735
100000	0.95	2	0.3	0	4735
100000	0.95	2	0.4	0	4735
100000	0.95	2	0.5	0	4735
100000	0.95	3	0.1	0	4735
100000	0.95	3	0.2	0	4735
100000	0.95	3	0.3	0	4735
100000	0.95	3	0.4	0	4735
100000	0.95	3	0.5	0	4735
100000	0.95	4	0.1	0	4735
100000	0.95	4	0.2	0	4735
100000	0.95	4	0.3	0	4735
100000	0.95	4	0.4	0	4735
100000	0.95	4	0.5	0	4735
100000	0.95	5	0.1	0	4735
100000	0.95	5	0.2	0	4735
100000	0.95	5	0.3	0	4735
100000	0.95	5	0.4	0	4735
100000	0.95	5	0.5	0	4735
100000	1	0.1	0.1	0	4735
100000	1	0.1	0.2	0	4735
100000	1	0.1	0.3	0	4735
100000	1	0.1	0.4	0	4735
100000	1	0.1	0.5	0	4735
100000	1	0.2	0.1	0	4735
100000	1	0.2	0.2	0	4735
100000	1	0.2	0.3	0	4735
100000	1	0.2	0.4	0	4735
100000	1	0.2	0.5	0	4735
100000	1	0.3	0.1	0	4735
100000	1	0.3	0.2	0	4735
100000	1	0.3	0.3	0	4735
100000	1	0.3	0.4	0	4735
100000	1	0.3	0.5	0	4735
100000	1	0.4	0.1	0	4735
100000	1	0.4	0.2	0	4735
100000	1	0.4	0.3	0	4735
100000	1	0.4	0.4	0	4735
100000	1	0.4	0.5	0	4735
100000	1	0.5	0.1	0	4735
100000	1	0.5	0.2	0	4735
100000	1	0.5	0.3	0	4735
100000	1	0.5	0.4	0	4735
100000	1	0.5	0.5	0	4735
100000	1	1	0.1	0	4735
100000	1	1	0.2	0	4735
100000	1	1	0.3	0	4735
100000	1	1	0.4	0	4735
100000	1	1	0.5	0	4735
100000	1	2	0.1	0	4735
100000	1	2	0.2	0	4735
100000	1	2	0.3	0	4735
100000	1	2	0.4	0	4735
100000	1	2	0.5	0	4735
100000	1	3	0.1	0	4735
100000	1	3	0.2	0	4735
100000	1	3	0.3	0	4735
100000	1	3	0.4	0	4735
100000	1	3	0.5	0	4735
100000	1	4	0.1	0	4735
100000	1	4	0.2	0	4735
100000	1	4	0.3	0	4735
100000	1	4	0.4	0	4735
100000	1	4	0.5	0	4735
100000	1	5	0.1	0	4735
100000	1	5	0.2	0	4735
100000	1	5	0.3	0	4735
100000	1	5	0.4	0	4735
100000	1	5	0.5	0	4735
100000	1.5	0.1	0.1	0	4735
100000	1.5	0.1	0.2	0	4735
100000	1.5	0.1	0.3	0	4735
100000	1.5	0.1	0.4	0	4735
100000	1.5	0.1	0.5	0	4735
100000	1.5	0.2	0.1	0	4735
100000	1.5	0.2	0.2	0	4735
100000	1.5	0.2	0.3	0	4735
100000	1.5	0.2	0.4	0	4735
100000	1.5	0.2	0.5	0	4735
100000	1.5	0.3	0.1	0	4735
100000	1.5	0.3	0.2	0	4735
100000	1.5	0.3	0.3	0	4735
100000	1.5	0.3	0.4	0	4735
100000	1.5	0.3	0.5	0	4735
100000	1.5	0.4	0.1	0	4735
100000	1.5	0.4	0.2	0	4735
100000	1.5	0.4	0.3	0	4735
100000	1.5	0.4	0.4	0	4735
100000	1.5	0.4	0.5	0	4735
100000	1.5	0.5	0.1	0	4735
100000	1.5	0.5	0.2	0	4735
100000	1.5	0.5	0.3	0	4735
100000	1.5	0.5	0.4	0	4735
100000	1.5	0.5	0.5	0	4735
100000	1.5	1	0.1	0	4735
100000	1.5	1	0.2	0	4735
100000	1.5	1	0.3	0	4735
100000	1.5	1	0.4	0	4735
100000	1.5	1	0.5	0	4735
100000	1.5	2	0.1	0	4735
100000	1.5	2	0.2	0	4735
100000	1.5	2	0.3	0	4735
100000	1.5	2	0.4	0	4735
100000	1.5	2	0.5	0	4735
100000	1.5	3	0.1	0	4735
100000	1.5	3	0.2	0	4735
100000	1.5	3	0.3	0	4735
100000	1.5	3	0.4	0	4735
100000	1.5	3	0.5	0	4735
100000	1.5	4	0.1	0	4735
100000	1.5	4	0.2	0	4735
100000	1.5	4	0.3	0	4735
100000	1.5	4	0.4	0	4735
100000	1.5	4	0.5	0	4735
100000	1.5	5	0.1	0	4735
100000	1.5	5	0.2	0	4735
100000	1.5	5	0.3	0	4735
100000	1.5	5	0.4	0	4735
100000	1.5	5	0.5	0	4735
100000	2	0.1	0.1	0	4735
100000	2	0.1	0.2	0	4735
100000	2	0.1	0.3	0	4735
100000	2	0.1	0.4	0	4735
100000	2	0.1	0.5	0	4735
100000	2	0.2	0.1	0	4735
100000	2	0.2	0.2	0	4735
100000	2	0.2	0.3	0	4735
100000	2	0.2	0.4	0	4735
100000	2	0.2	0.5	0	4735
100000	2	0.3	0.1	0	4735
100000	2	0.3	0.2	0	4735
100000	2	0.3	0.3	0	4735
100000	2	0.3	0.4	0	4735
100000	2	0.3	0.5	0	4735
100000	2	0.4	0.1	0	4735
100000	2	0.4	0.2	0	4735
100000	2	0.4	0.3	0	4735
100000	2	0.4	0.4	0	4735
100000	2	0.4	0.5	0	4735
100000	2	0.5	0.1	0	4735
100000	2	0.5	0.2	0	4735
100000	2	0.5	0.3	0	4735
100000	2	0.5	0.4	0	4735
100000	2	0.5	0.5	0	4735
100000	2	1	0.1	0	4735
100000	2	1	0.2	0	4735
100000	2	1	0.3	0	4735
100000	2	1	0.4	0	4735
100000	2	1	0.5	0	4735
100000	2	2	0.1	0	4735
100000	2	2	0.2	0	4735
100000	2	2	0.3	0	4735
100000	2	2	0.4	0	4735
100000	2	2	0.5	0	4735
100000	2	3	0.1	0	4735
100000	2	3	0.2	0	4735
100000	2	3	0.3	0	4735
100000	2	3	0.4	0	4735
100000	2	3	0.5	0	4735
100000	2	4	0.1	0	4735
100000	2	4	0.2	0	4735
100000	2	4	0.3	0	4735
100000	2	4	0.4	0	4735
100000	2	4	0.5	0	4735
100000	2	5	0.1	0	4735
100000	2	5	0.2	0	4735
100000	2	5	0.3	0	4735
100000	2	5	0.4	0	4735
100000	2	5	0.5	0	4735
100000	3	0.1	0.1	0	4735
100000	3	0.1	0.2	0	4735
100000	3	0.1	0.3	0	4735
100000	3	0.1	0.4	0	4735
100000	3	0.1	0.5	0	4735
100000	3	0.2	0.1	0	4735
100000	3	0.2	0.2	0	4735
100000	3	0.2	0.3	0	4735
100000	3	0.2	0.4	0	4735
100000	3	0.2	0.5	0	4735
100000	3	0.3	0.1	0	4735
100000	3	0.3	0.2	0	4735
100000	3	0.3	0.3	0	4735
100000	3	0.3	0.4	0	4735
100000	3	0.3	0.5	0	4735
100000	3	0.4	0.1	0	4735
100000	3	0.4	0.2	0	4735
100000	3	0.4	0.3	0	4735
100000	3	0.4	0.4	0	4735
100000	3	0.4	0.5	0	4735
100000	3	0.5	0.1	0	4735
100000	3	0.5	0.2	0	4735
100000	3	0.5	0.3	0	4735
100000	3	0.5	0.4	0	4735
100000	3	0.5	0.5	0	4735
100000	3	1	0.1	0	4735
100000	3	1	0.2	0	4735
100000	3	1	0.3	0	4735
100000	3	1	0.4	0	4735
100000	3	1	0.5	0	4735
100000	3	2	0.1	0	4735
100000	3	2	0.2	0	4735
100000	3	2	0.3	0	4735
100000	3	2	0.4	0	4735
100000	3	2	0.5	0	4735
100000	3	3	0.1	0	4735
100000	3	3	0.2	0	4735
100000	3	3	0.3	0	4735
100000	3	3	0.4	0	4735
100000	3	3	0.5	0	4735
100000	3	4	0.1	0	4735
100000	3	4	0.2	0	4735
100000	3	4	0.3	0	4735
100000	3	4	0.4	0	4735
100000	3	4	0.5	0	4735
100000	3	5	0.1	0	4735
100000	3	5	0.2	0	4735
100000	3	5	0.3	0	4735
100000	3	5	0.4	0	4735
100000	3	5	0.5	0	4735
100000	4	0.1	0.1	0	4735
100000	4	0.1	0.2	0	4735
100000	4	0.1	0.3	0	4735
100000	4	0.1	0.4	0	4735
100000	4	0.1	0.5	0	4735
100000	4	0.2	0.1	0	4735
100000	4	0.2	0.2	0	4735
100000	4	0.2	0.3	0	4735
100000	4	0.2	0.4	0	4735
100000	4	0.2	0.5	0	4735
100000	4	0.3	0.1	0	4735
100000	4	0.3	0.2	0	4735
100000	4	0.3	0.3	0	4735
100000	4	0.3	0.4	0	4735
100000	4	0.3	0.5	0	4735
100000	4	0.4	0.1	0	4735
100000	4	0.4	0.2	0	4735
100000	4	0.4	0.3	0	4735
100000	4	0.4	0.4	0	4735
100000	4	0.4	0.5	0	4735
100000	4	0.5	0.1	0	4735
100000	4	0.5	0.2	0	4735
100000	4	0.5	0.3	0	4735
100000	4	0.5	0.4	0	4735
100000	4	0.5	0.5	0	4735
100000	4	1	0.1	0	4735
100000	4	1	0.2	0	4735
100000	4	1	0.3	0	4735
100000	4	1	0.4	0	4735
100000	4	1	0.5	0	4735
100000	4	2	0.1	0	4735
100000	4	2	0.2	0	4735
100000	4	2	0.3	0	4735
100000	4	2	0.4	0	4735
100000	4	2	0.5	0	4735
100000	4	3	0.1	0	4735
100000	4	3	0.2	0	4735
100000	4	3	0.3	0	4735
100000	4	3	0.4	0	4735
100000	4	3	0.5	0	4735
100000	4	4	0.1	0	4735
100000	4	4	0.2	0	4735
100000	4	4	0.3	0	4735
100000	4	4	0.4	0	4735
100000	4	4	0.5	0	4735
100000	4	5	0.1	0	4735
100000	4	5	0.2	0	4735
100000	4	5	0.3	0	4735
100000	4	5	0.4	0	4735
100000	4	5	0.5	0	4735
100000	6	0.1	0.1	0	4735
100000	6	0.1	0.2	0	4735
100000	6	0.1	0.3	0	4735
100000	6	0.1	0.4	0	4735
100000	6	0.1	0.5	0	4735
100000	6	0.2	0.1	0	4735
100000	6	0.2	0.2	0	4735
100000	6	0.2	0.3	0	4735
100000	6	0.2	0.4	0	4735
100000	6	0.2	0.5	0	4735
100000	6	0.3	0.1	0	4735
100000	6	0.3	0.2	0	4735
100000	6	0.3	0.3	0	4735
100000	6	0.3	0.4	0	4735
100000	6	0.3	0.5	0	4735
100000	6	0.4	0.1	0	4735
100000	6	0.4	0.2	0	4735
100000	6	0.4	0.3	0	4735
100000	6	0.4	0.4	0	4735
100000	6	0.4	0.5	0	4735
100000	6	0.5	0.1	0	4735
100000	6	0.5	0.2	0	4735
100000	6	0.5	0.3	0	4735
100000	6	0.5	0.4	0	4735
100000	6	0.5	0.5	0	4735
100000	6	1	0.1	0	4735
100000	6	1	0.2	0	4735
100000	6	1	0.3	0	4735
100000	6	1	0.4	0	4735
100000	6	1	0.5	0	4735
100000	6	2	0.1	0	4735
100000	6	2	0.2	0	4735
100000	6	2	0.3	0	4735
100000	6	2	0.4	0	4735
100000	6	2	0.5	0	4735
100000	6	3	0.1	0	4735
100000	6	3	0.2	0	4735
100000	6	3	0.3	0	4735
100000	6	3	0.4	0	4735
100000	6	3	0.5	0	4735
100000	6	4	0.1	0	4735
100000	6	4	0.2	0	4735
100000	6	4	0.3	0	4735
100000	6	4	0.4	0	4735
100000	6	4	0.5	0	4735
100000	6	5	0.1	0	4735
100000	6	5	0.2	0	4735
100000	6	5	0.3	0	4735
100000	6	5	0.4	0	4735
100000	6	5	0.5	0	4735
